pmid	CIViC	MOAlmanac	OncoKB
1516603	0	0	1
1568170	1	0	0
1675110	0	0	1
2181449	1	0	0
2199829	1	0	0
2372767	1	0	0
2403644	1	0	0
2547513	1	0	0
3163261	1	0	0
4030742	1	0	0
4823640	0	1	0
7486065	0	1	0
7553625	1	0	0
7563486	1	0	0
7591282	1	0	0
7628753	1	0	0
7700111	1	0	0
7728151	1	0	0
7759077	1	0	0
7809137	1	0	0
7881415	1	0	0
7915601	1	0	0
7977367	1	0	0
7981696	1	0	0
7987306	1	0	0
7987327	1	0	0
8099841	1	0	0
8187067	1	0	0
8241511	1	0	0
8441429	1	0	0
8462792	1	0	0
8493574	1	0	0
8550742	1	0	0
8592333	1	0	0
8616864	1	0	0
8637704	1	0	0
8641695	1	0	0
8641976	1	0	0
8674046	1	0	0
8707293	1	0	0
8730290	1	0	0
8758206	1	0	0
8768845	1	0	0
8772572	1	0	0
8825918	1	0	0
8829648	1	0	0
8863170	1	0	0
8898652	1	0	0
8901856	1	0	0
8929264	1	0	0
8956040	1	0	0
9106522	1	0	0
9156047	1	0	0
9207459	1	0	0
9215674	1	0	0
9327728	1	0	0
9331072	1	0	0
9354795	1	0	0
9402176	1	0	0
9422511	1	0	0
9426052	1	0	0
9428816	1	0	0
9435426	1	0	0
9452032	1	0	0
9452106	1	0	0
9462753	1	0	0
9488521	1	0	0
9497878	1	0	0
9499454	1	0	0
9523203	1	0	0
9552022	1	0	0
9569050	1	0	0
9581815	1	0	0
9625170	1	0	0
9635567	1	0	0
9663592	1	0	0
9681858	1	0	0
9741544	1	0	0
9788599	1	0	0
9797688	0	1	0
9811934	1	0	0
9829911	1	0	0
9829912	1	0	0
9830390	1	0	0
9839497	1	0	0
9927029	1	0	0
10022713	1	0	0
10080613	1	0	0
10088816	1	0	0
10224221	1	0	0
10340905	1	0	0
10359553	1	0	0
10383129	1	0	0
10408561	1	0	0
10408776	1	0	0
10433955	1	0	0
10485475	1	0	0
10492640	1	0	0
10533030	1	0	0
10533077	1	0	0
10547574	1	0	0
10563480	1	0	0
10567493	1	0	0
10580029	1	0	0
10612832	1	0	0
10617473	1	0	0
10627136	1	0	0
10631138	1	0	0
10682986	1	0	0
10697963	1	0	0
10749302	1	0	0
10761708	1	0	0
10786679	1	0	0
10862095	1	0	0
10866302	1	0	0
10955664	1	0	0
11050000	1	0	0
11051239	1	0	0
11070098	1	0	0
11103785	1	0	0
11106358	1	0	0
11114638	1	0	0
11122430	1	0	0
11144931	1	0	0
11148816	1	0	0
11208838	1	0	0
11238683	1	0	0
11248153	1	0	0
11257211	1	0	0
11257676	1	0	0
11273887	1	0	0
11287972	0	0	1
11287973	0	0	1
11290608	1	0	0
11309459	1	0	0
11325447	1	0	0
11331612	1	0	0
11354926	1	0	0
11409863	1	0	0
11423618	0	1	0
11433531	1	0	0
11483638	1	0	0
11504908	1	0	0
11505222	1	0	0
11524732	1	0	0
11535556	1	0	0
11536052	1	0	0
11546565	1	0	0
11585760	1	0	0
11587205	1	0	0
11595686	1	0	0
11607825	1	0	0
11675361	1	0	0
11704842	1	0	0
11751510	1	0	0
11782370	1	0	0
11792751	1	0	0
11793370	1	0	0
11830488	1	0	0
11835384	1	0	0
11850829	1	0	0
11850836	1	0	0
11990703	1	0	0
11996788	1	0	0
12000708	1	0	0
12000816	1	0	0
12009017	1	0	0
12039929	1	0	0
12057554	1	0	0
12060124	1	0	0
12075054	1	0	0
12081237	1	0	0
12097271	1	0	0
12101426	1	0	0
12114494	1	0	0
12114495	1	0	0
12181401	0	0	1
12181402	0	0	1
12200353	0	0	1
12202531	1	0	0
12208738	0	0	1
12237773	1	0	0
12239584	1	0	0
12357354	1	0	0
12393546	1	0	0
12405390	1	0	0
12414898	1	0	0
12415268	1	0	0
12432043	1	0	0
12433709	1	0	0
12476305	1	0	0
12483530	1	0	0
12497061	0	0	1
12500216	1	0	0
12509970	1	0	0
12517791	1	0	0
12531801	0	1	0
12531805	1	0	0
12559175	1	0	0
12603429	1	0	0
12606942	1	0	0
12623848	1	0	0
12624160	1	0	0
12637609	0	0	1
12644949	1	0	0
12660384	1	0	1
12673678	1	0	0
12676775	0	0	1
12702509	1	0	0
12717436	1	0	0
12727991	1	0	0
12748244	1	0	0
12777976	1	0	0
12788868	1	0	0
12789263	1	0	0
12795343	1	0	0
12807974	1	0	0
12840112	1	0	0
12844285	1	0	0
12865922	1	0	0
12944919	1	1	1
12949711	1	0	1
14504092	1	0	1
14514923	1	0	0
14583498	1	0	0
14612939	1	0	0
14617784	0	1	0
14645423	1	0	0
14647410	1	0	0
14654525	1	0	0
14679114	1	0	0
14715079	1	0	0
14722919	1	0	0
14726385	1	0	0
14726387	1	0	0
14726504	1	0	0
14737077	1	0	0
14743206	1	0	0
14755727	1	0	0
14767570	1	0	0
14967075	1	0	0
14977831	1	0	0
14991904	0	0	1
14993230	1	0	0
15002726	1	0	0
15021901	1	0	0
15034867	0	0	1
15035987	1	0	0
15109448	1	0	0
15118072	1	0	0
15118073	1	0	0
15118125	1	0	0
15138475	1	0	0
15146165	1	0	0
15173008	1	0	0
15187030	1	0	0
15194504	1	0	0
15201427	1	0	0
15217946	1	0	0
15217961	1	0	0
15256420	1	0	0
15256671	1	0	0
15300251	1	0	0
15300849	1	0	0
15304385	1	0	0
15310767	1	0	0
15324695	1	0	0
15328187	1	0	0
15329413	1	0	0
15339850	1	0	0
15363456	1	0	0
15374944	1	0	0
15383938	1	0	0
15448205	1	0	0
15452453	1	0	0
15459012	1	0	0
15467305	1	0	0
15486187	1	0	0
15503291	0	0	1
15550452	1	0	0
15555571	1	0	0
15581051	1	0	0
15597105	1	0	0
15626738	1	0	0
15630448	1	0	0
15642680	1	0	0
15647370	1	0	0
15650049	1	0	0
15659725	1	0	0
15677699	0	0	1
15681532	0	0	1
15685537	0	0	1
15696205	1	0	0
15705718	1	0	0
15709172	1	0	0
15726096	1	0	0
15728811	1	0	0
15730575	1	0	0
15735013	0	1	0
15737014	1	0	0
15746584	0	0	1
15746676	1	0	0
15758010	1	0	0
15781657	1	0	0
15790433	1	0	0
15791648	1	0	0
15824158	1	0	0
15858187	0	1	0
15870435	1	0	0
15897572	1	0	0
15899789	1	0	0
15900596	1	0	0
15911866	1	0	0
15921386	1	0	0
15922892	1	0	0
15928335	1	0	1
15930265	1	0	1
15932632	1	0	0
15951308	1	0	0
15961768	1	0	0
15998907	1	1	0
16014883	1	0	0
16033819	1	0	0
16042317	1	0	0
16043828	1	0	0
16046528	1	0	0
16046538	1	0	0
16049031	1	0	0
16051734	1	0	0
16076867	1	0	0
16081687	1	0	0
16088935	1	0	0
16091755	1	0	1
16142346	1	0	0
16143141	1	0	0
16150941	1	0	0
16187797	1	0	0
16205628	1	0	0
16210343	1	0	0
16236737	1	0	0
16236738	0	0	1
16243825	1	0	0
16254181	1	0	0
16258095	1	0	0
16258512	1	0	0
16261628	1	0	0
16273091	1	0	1
16282176	1	0	0
16307009	1	0	0
16307017	1	0	0
16309541	1	0	0
16341243	1	0	0
16381215	1	0	0
16384925	1	0	0
16391622	1	0	0
16404430	1	0	0
16407879	1	0	0
16424035	1	0	0
16434489	1	0	0
16434492	1	0	0
16454808	1	0	0
16455956	1	0	0
16467086	1	0	0
16467099	1	0	0
16487996	1	0	0
16488999	1	0	0
16489069	1	0	0
16490522	1	0	0
16492679	1	0	0
16497822	1	0	0
16497971	1	0	0
16498388	0	0	1
16502427	1	0	0
16506495	1	0	0
16533790	1	0	0
16541434	1	0	0
16551858	1	0	1
16572651	1	0	0
16595991	1	0	0
16614245	1	0	0
16617601	1	0	0
16618717	1	0	0
16624552	1	0	0
16638875	1	0	0
16651847	1	0	0
16690963	1	0	0
16707605	1	0	0
16709929	1	0	0
16715139	1	0	0
16730237	1	0	0
16741161	1	0	0
16751810	1	0	0
16772610	1	0	0
16775234	1	0	0
16807441	1	0	0
16818618	1	0	0
16818686	1	0	0
16834459	1	0	0
16845659	0	0	1
16870919	1	0	0
16875718	1	0	0
16884327	1	0	0
16906227	1	0	0
16937357	1	0	0
16943533	1	0	0
16953233	1	0	0
16954519	1	0	1
16960151	1	0	1
16969076	1	0	0
16980606	1	0	0
16990784	0	1	0
17001110	1	0	0
17004871	1	0	0
17006605	1	0	0
17020971	1	0	0
17020982	1	0	0
17024664	1	0	0
17028100	1	0	0
17046465	0	0	1
17070615	1	0	0
17085664	1	0	1
17087936	0	0	1
17088436	1	0	0
17102069	1	0	0
17102088	1	0	0
17103226	1	0	0
17105346	1	0	0
17131328	1	0	0
17172831	1	0	0
17177598	1	0	0
17186357	1	0	0
17192538	1	0	1
17192902	0	0	1
17202311	1	0	0
17215851	1	0	0
17224927	1	0	0
17229776	1	0	0
17237811	0	1	0
17264095	1	0	0
17264298	1	0	0
17285735	0	0	1
17330097	1	0	0
17339191	1	0	1
17356712	1	0	0
17363498	1	0	0
17363584	1	0	0
17372901	1	0	0
17375050	1	0	0
17376864	1	0	0
17384584	1	0	0
17392848	1	0	0
17398248	1	0	0
17406817	1	0	0
17409929	1	0	0
17442989	1	0	0
17463250	1	0	1
17470858	1	0	0
17496201	0	0	1
17522398	1	0	0
17537157	1	0	0
17538160	1	0	0
17545544	0	0	1
17551084	1	0	0
17555450	0	0	1
17575221	1	0	0
17590872	1	0	0
17618013	1	0	0
17625570	1	0	0
17627612	1	0	0
17639058	1	0	0
17646409	1	0	0
17661816	1	0	0
17671205	1	0	0
17686547	0	0	1
17690703	1	0	0
17699867	1	0	1
17700571	1	0	0
17768119	0	0	1
17854663	1	0	0
17877814	1	0	0
17891190	1	0	0
17909070	1	0	0
17911174	1	0	0
17922902	1	0	0
17936563	1	0	0
17940205	1	0	0
17947469	1	0	0
17957027	1	0	0
17965322	1	0	0
17998284	1	0	0
18003960	1	0	0
18067796	1	0	0
18073307	1	0	0
18089725	1	0	0
18089823	1	0	0
18093943	0	0	1
18172275	1	0	0
18182667	1	0	0
18191450	1	0	0
18202412	1	0	0
18227510	1	0	0
18230792	1	0	1
18235122	0	0	1
18251729	1	0	0
18281551	1	0	0
18287029	1	0	0
18302711	0	1	0
18316791	1	0	1
18334972	0	0	1
18371219	1	0	0
18375819	1	0	0
18386816	1	0	0
18390968	1	1	0
18391746	1	0	0
18394554	1	0	0
18403620	0	0	1
18408761	1	0	0
18416845	1	0	0
18421059	1	0	0
18445659	1	0	0
18445843	1	0	0
18450602	1	0	0
18451166	1	0	0
18451237	0	0	1
18458053	1	0	0
18464292	1	0	0
18474773	1	0	0
18475055	1	0	0
18478040	1	0	0
18509184	1	0	0
18510589	1	0	0
18519791	1	0	0
18528420	1	0	0
18555254	1	0	0
18559874	1	0	0
18584357	1	0	0
18591546	1	0	0
18593892	1	0	0
18593940	1	0	0
18594010	1	0	0
18607592	1	0	0
18618714	1	0	0
18628482	1	0	0
18632602	1	1	0
18669866	1	0	0
18676761	0	0	1
18682506	1	0	0
18689542	1	0	0
18704422	1	0	0
18723428	1	0	0
18724359	1	0	0
18725974	1	0	0
18757403	1	0	0
18765795	1	0	0
18772396	1	0	0
18787170	1	1	0
18794081	1	0	0
18794084	1	0	1
18794099	1	0	0
18794803	1	0	0
18818391	1	0	0
18829482	0	1	0
18829560	1	0	0
18832571	1	0	0
18923525	1	0	0
18927303	1	0	0
18946061	1	0	0
18948947	1	0	0
18950453	0	0	1
18951446	1	0	0
18955451	1	0	1
18955458	1	0	1
18974108	1	0	0
18986703	1	0	0
18998488	1	0	0
19001320	1	0	0
19010870	1	0	0
19010894	1	0	0
19010912	1	0	0
19017755	1	0	0
19020901	1	0	0
19024596	1	0	0
19029228	1	0	0
19029981	1	0	0
19035443	1	0	0
19039322	1	0	0
19040416	1	0	0
19047294	1	0	0
19059939	1	0	0
19060236	1	0	0
19060928	0	0	1
19062180	1	0	0
19075190	1	0	0
19075254	1	0	1
19075596	1	0	0
19083227	0	1	0
19096302	1	0	0
19114683	1	0	0
19118063	1	0	0
19122144	1	0	0
19129520	1	0	0
19133167	1	0	0
19147750	1	0	0
19157502	1	0	0
19157633	1	0	0
19164557	1	0	0
19165201	1	0	0
19197950	1	0	0
19208735	1	0	0
19212337	1	0	0
19215943	1	0	0
19221039	1	0	0
19223544	1	0	0
19228619	1	0	0
19228746	1	0	0
19270817	1	0	0
19273710	1	0	0
19274060	1	0	0
19280651	1	0	0
19284554	1	0	0
19287384	1	0	0
19288063	1	0	0
19289619	1	0	0
19304957	1	0	0
19307944	1	0	0
19318574	1	0	0
19318576	0	1	0
19322212	1	0	0
19336503	1	0	0
19339720	1	0	1
19343621	1	0	0
19351816	1	0	0
19357394	1	0	0
19366796	1	0	0
19381019	1	0	0
19391130	1	0	0
19415739	1	0	0
19434073	1	0	0
19458078	1	0	0
19461405	1	0	0
19464396	1	0	0
19470925	1	0	0
19470935	1	0	0
19472011	1	0	0
19487385	1	0	0
19488864	1	0	0
19513541	1	0	0
19528532	1	0	0
19533750	1	0	0
19536777	0	0	1
19536888	1	0	0
19541609	1	0	0
19543324	1	0	0
19553641	1	0	0
19561568	1	0	0
19571295	1	0	0
19574279	1	0	0
19576851	1	0	0
19584151	1	0	0
19584866	0	0	1
19587375	1	0	0
19603018	1	0	0
19603024	1	0	0
19616740	0	1	0
19620561	0	0	1
19636007	1	0	0
19641190	1	0	0
19648970	1	0	0
19649731	1	0	0
19650409	1	0	0
19652056	1	0	0
19661358	1	0	0
19666869	1	0	0
19667267	1	0	0
19671763	1	0	0
19671843	1	0	0
19671852	1	0	0
19679400	1	0	0
19692680	1	0	1
19706758	1	0	0
19718025	1	0	0
19723655	1	0	0
19726763	1	0	0
19726788	1	0	0
19734639	1	0	0
19737969	1	0	0
19755855	1	0	0
19770381	1	0	0
19775480	1	0	0
19779040	1	0	1
19786658	0	0	1
19786660	1	0	0
19794967	1	0	0
19808854	1	0	0
19838194	1	0	0
19840887	1	0	0
19861442	1	0	0
19874578	1	0	1
19878872	1	0	1
19880792	1	0	0
19884556	1	0	0
19901104	1	0	0
19903786	1	0	0
19906784	1	0	0
19915144	1	1	0
19917135	1	0	0
19922504	1	0	0
19933982	1	0	0
19934290	1	0	0
19941080	1	0	0
19954345	1	0	0
19958924	1	0	0
19965647	1	0	0
19966866	1	0	0
20007775	1	0	0
20008640	1	0	0
20008851	1	0	0
20010090	1	0	0
20018760	1	0	0
20022809	1	0	1
20026798	1	0	0
20034980	1	0	0
20038723	1	0	0
20043176	1	0	0
20054396	1	0	0
20064270	1	0	0
20068183	1	0	0
20075572	0	0	1
20081860	1	0	0
20085938	1	0	0
20088873	1	0	0
20088962	1	0	0
20118737	1	0	0
20120764	1	0	0
20124187	1	1	0
20124459	1	0	0
20127344	1	0	0
20131302	0	0	1
20139093	1	0	0
20141835	1	0	0
20142587	1	0	0
20142599	1	0	0
20147967	1	0	0
20149136	1	0	0
20151405	1	0	0
20157715	1	0	0
20165957	1	0	0
20179196	1	0	0
20193854	1	0	0
20219352	1	0	0
20227043	1	0	0
20308656	1	0	0
20332486	1	0	0
20336784	1	0	0
20354191	1	0	0
20363910	1	0	0
20368538	1	0	0
20368568	1	0	0
20376086	1	0	0
20406929	0	1	0
20421455	1	0	0
20439456	0	0	1
20442526	1	0	0
20445578	1	0	0
20447124	1	0	0
20453058	1	1	0
20459769	0	0	1
20473330	1	0	0
20493771	1	0	0
20494930	1	0	0
20498393	0	1	0
20504363	1	0	0
20518900	1	0	0
20522446	1	0	0
20525993	0	1	1
20525995	0	0	1
20526349	0	1	0
20530316	1	0	0
20533592	1	0	0
20535651	1	0	0
20537386	1	0	0
20538800	1	0	0
20542753	1	0	0
20543203	1	0	0
20551065	1	0	0
20556506	0	1	0
20560986	1	0	0
20567917	1	0	0
20570890	1	0	0
20571149	0	1	0
20571495	0	0	1
20573926	1	0	1
20578819	1	0	0
20583150	1	0	0
20601954	1	0	0
20609353	1	0	0
20619739	1	0	1
20625116	1	0	0
20628391	1	0	0
20630094	1	0	0
20651371	1	0	0
20660572	1	0	0
20693978	1	0	0
20696054	1	0	0
20697090	1	0	0
20728210	1	1	1
20733134	1	0	0
20739657	1	0	0
20798558	1	0	0
20805365	1	0	0
20806365	1	0	0
20807812	1	0	0
20813970	1	0	0
20818844	1	0	0
20823417	0	1	0
20826716	1	0	0
20840671	1	0	0
20843819	0	1	0
20846682	1	0	0
20850701	1	0	0
20871596	1	1	0
20921462	0	0	1
20921465	1	0	1
20940188	1	0	0
20942962	1	0	0
20951942	0	0	1
20952280	1	0	0
20956938	1	0	0
20960261	1	0	0
20966921	1	0	0
20970876	1	0	0
20975057	1	0	0
20978259	1	0	0
20979469	1	0	0
20979472	1	1	0
20979473	1	0	1
21030459	1	0	0
21041183	1	0	0
21045145	1	0	0
21048039	1	0	0
21067377	1	0	0
21098728	1	1	0
21102257	1	0	0
21103895	1	0	0
21107320	1	0	0
21107323	1	0	0
21119596	1	0	0
21119661	1	0	1
21123452	1	0	0
21128251	0	0	1
21132006	1	0	0
21135251	1	0	0
21156401	1	0	0
21160078	1	0	0
21163703	1	0	0
21166657	1	0	0
21170960	1	0	0
21172893	1	0	0
21177507	1	0	0
21181474	1	0	0
21185263	1	0	0
21187651	1	0	0
21189378	1	0	0
21190184	1	0	0
21204227	1	0	0
21205074	0	1	0
21227397	1	0	0
21228335	0	0	1
21258250	1	0	0
21258415	1	0	0
21273582	1	0	0
21274720	1	0	0
21278246	1	0	0
21294614	1	0	0
21309036	1	0	0
21309039	1	0	0
21314850	1	0	0
21317745	1	0	0
21331613	1	0	0
21343334	1	0	0
21343549	1	0	0
21343559	1	0	0
21343560	1	0	0
21345110	1	0	0
21351275	1	0	0
21358673	1	0	0
21362373	1	0	0
21364689	1	0	0
21365007	1	0	0
21367480	1	0	0
21383288	1	1	0
21383700	1	0	0
21384277	1	0	0
21390130	1	0	0
21391972	1	0	0
21415268	1	0	0
21415852	1	0	0
21422407	1	0	0
21422803	1	0	0
21430269	1	0	0
21449869	1	0	0
21458988	1	0	0
21461300	1	0	0
21461997	1	0	0
21463266	1	0	0
21467160	1	0	0
21470995	1	0	0
21474671	1	0	0
21482694	1	0	0
21483000	1	0	0
21494621	1	0	0
21502504	1	0	0
21502544	1	0	0
21505136	1	0	0
21508395	1	0	0
21519372	1	0	0
21523734	1	0	0
21528828	1	0	0
21531810	1	0	1
21536738	1	0	0
21537333	1	0	0
21547131	1	0	0
21558396	1	0	0
21562040	0	0	1
21575616	1	0	0
21575866	1	0	0
21576590	1	0	0
21576762	1	0	0
21584898	1	0	0
21594665	1	0	0
21594703	1	0	0
21596855	1	0	0
21603658	1	0	0
21606165	1	0	0
21610142	1	0	0
21613260	1	0	0
21623265	1	0	1
21625441	1	0	0
21639808	1	0	0
21641636	1	0	0
21642685	1	0	1
21642865	1	0	0
21653686	1	0	0
21663470	1	0	0
21666749	1	0	0
21670202	1	0	0
21670455	0	0	1
21673464	1	0	0
21685785	1	0	0
21690468	1	0	0
21709185	1	0	0
21714648	1	0	0
21716144	1	0	0
21719597	1	0	0
21730982	1	0	0
21732342	1	0	0
21741596	1	0	0
21747090	1	0	0
21764376	0	0	1
21783417	1	0	0
21787417	1	0	0
21791641	1	0	0
21796119	1	0	0
21817013	1	0	0
21818111	1	0	0
21828143	1	0	0
21838707	1	0	0
21840482	1	0	0
21841502	1	0	1
21847063	1	0	0
21853002	1	0	0
21862407	1	0	0
21862683	1	0	0
21865346	1	0	0
21876117	1	0	0
21882184	1	0	0
21883677	1	0	0
21889194	1	0	0
21890455	1	0	0
21892159	1	0	0
21900593	1	0	0
21920589	1	0	0
21926191	1	0	0
21926398	1	0	0
21931113	0	0	1
21933749	1	0	0
21948233	1	0	0
21953054	1	0	0
21964527	1	0	0
21969494	1	0	0
21969500	1	0	0
21972040	1	0	0
21985784	1	0	0
21993670	1	0	0
21993671	1	0	0
21995386	1	0	0
21997850	1	0	0
21998214	1	0	0
22004109	1	0	0
22005786	0	1	0
22016507	1	0	0
22025157	1	0	0
22025163	1	0	0
22031865	1	0	0
22033490	1	0	0
22034177	1	0	0
22034911	1	0	0
22038994	1	0	0
22038996	1	0	0
22046346	1	0	0
22048815	0	1	0
22052230	0	0	1
22056021	1	0	0
22072639	1	0	0
22077063	1	0	0
22081665	1	0	0
22085494	1	0	0
22089421	1	0	0
22090360	1	0	0
22101352	1	0	0
22105174	0	0	1
22112610	1	0	0
22114577	1	0	0
22124213	1	0	0
22133049	1	0	0
22136840	1	0	0
22139083	1	0	0
22139329	0	1	0
22145147	1	0	0
22149875	1	0	0
22152101	1	0	0
22156657	1	0	0
22162573	1	0	0
22169769	1	0	0
22180162	1	0	0
22180178	1	1	0
22180495	1	0	0
22187960	1	0	0
22190288	1	0	0
22190593	0	0	1
22194965	1	0	0
22199315	1	0	0
22203985	1	0	0
22205714	1	0	0
22207630	0	1	0
22210878	1	0	0
22215748	1	0	0
22215888	1	0	0
22235099	1	0	1
22237007	1	0	0
22238366	1	0	0
22241717	1	0	0
22241959	1	0	0
22246397	1	0	0
22247021	1	0	0
22252991	1	0	0
22256804	1	0	0
22257673	1	0	1
22261812	1	0	0
22262166	1	0	0
22265326	1	0	0
22270258	0	0	1
22270724	1	0	0
22274685	1	0	0
22277784	1	0	1
22281684	1	0	0
22285168	1	0	1
22286216	1	0	0
22291079	1	0	0
22292935	1	0	0
22294718	1	0	1
22296372	1	0	0
22301675	0	0	1
22302096	1	0	0
22325357	1	0	0
22328973	1	0	0
22333600	1	0	0
22343617	1	0	0
22356324	1	0	0
22357542	1	0	0
22357840	1	0	0
22368270	1	0	1
22370314	1	0	1
22371878	1	0	0
22374460	1	0	0
22377896	1	0	0
22383795	1	0	0
22389870	0	1	0
22389872	1	0	0
22392911	1	0	0
22393103	1	0	0
22395615	1	0	0
22398592	1	0	0
22417203	1	0	0
22418700	1	0	0
22422354	1	0	0
22425996	1	0	0
22426421	1	0	0
22430270	1	0	0
22431701	1	0	0
22438210	1	0	0
22439647	1	0	0
22440753	1	0	0
22448344	1	0	0
22452895	1	0	1
22452896	1	0	0
22462637	1	0	0
22470196	1	0	0
22479427	1	0	0
22490330	1	0	0
22492957	1	0	0
22493419	1	0	0
22504184	1	0	0
22516946	1	0	0
22541434	1	0	0
22544540	1	0	0
22547163	1	0	0
22550175	1	0	0
22551904	1	0	0
22565005	1	0	0
22566194	1	0	0
22573489	1	0	0
22586653	1	0	0
22586683	1	1	0
22588883	0	0	1
22591296	1	0	0
22591714	1	0	0
22596232	1	0	0
22608338	1	0	1
22614970	1	0	0
22616558	1	0	0
22619677	1	0	0
22621641	1	0	0
22623731	1	0	0
22628360	1	0	0
22650231	1	0	0
22658127	1	0	0
22663011	1	0	1
22670903	0	0	1
22670904	0	0	1
22678057	1	0	0
22682017	1	0	0
22683710	1	0	0
22698404	1	0	0
22699455	1	0	0
22711607	1	0	0
22713161	1	0	0
22718859	0	0	1
22722193	0	1	0
22722830	1	0	0
22734028	1	0	0
22735384	1	0	1
22740998	1	0	0
22745105	1	0	1
22753902	1	0	0
22766794	1	0	0
22773810	1	0	0
22777797	1	0	0
22797062	1	0	0
22798288	1	0	1
22802530	1	0	0
22805291	1	0	0
22805292	1	0	0
22808142	1	0	0
22810899	1	0	0
22837387	0	0	1
22842582	1	0	0
22858906	1	0	0
22869148	1	0	0
22875627	1	0	0
22875628	0	0	1
22890726	1	0	0
22895145	1	0	0
22895882	1	0	0
22896000	1	0	0
22896685	1	0	0
22897847	1	0	1
22899477	0	0	1
22901364	1	0	0
22906996	1	0	0
22912387	1	0	0
22918081	1	0	0
22923433	1	1	0
22931316	1	0	0
22946750	1	0	0
22948721	1	0	0
22955920	1	0	0
22961667	1	0	0
22980975	1	0	0
22982650	1	0	0
22982663	1	0	0
22983396	0	0	1
22983505	1	0	0
23002168	0	1	0
23006951	1	0	0
23014527	1	0	0
23018865	1	0	0
23020132	1	0	1
23020162	1	0	1
23029227	1	0	0
23031422	1	0	0
23038758	1	0	0
23051966	0	0	1
23056499	1	0	0
23060591	1	0	0
23079656	1	0	0
23082000	1	0	1
23084521	0	0	1
23086624	0	0	1
23086750	1	0	0
23094721	1	0	0
23099803	1	0	0
23111194	1	0	0
23122784	1	0	0
23140824	0	0	1
23143947	1	0	0
23153540	1	0	0
23158522	1	0	1
23171796	1	0	0
23177514	0	0	1
23177515	1	0	1
23181703	1	0	0
23182986	1	0	0
23188704	1	0	0
23190221	1	0	1
23200175	1	0	1
23203444	1	0	0
23204226	1	0	0
23213094	1	0	0
23218766	1	0	0
23220880	1	0	1
23222956	1	0	0
23224817	1	0	0
23231951	1	0	0
23237741	1	0	0
23238879	1	0	0
23239810	1	0	1
23248257	0	0	1
23252872	1	0	0
23265383	1	0	0
23265711	1	0	0
23270927	1	0	0
23278307	1	0	0
23280579	1	0	0
23287563	1	0	0
23288408	1	0	0
23291299	1	0	0
23298237	1	0	0
23300174	1	0	0
23313110	1	0	0
23322234	1	0	0
23325582	1	0	0
23327821	1	0	0
23328547	0	0	1
23329234	1	0	0
23333114	1	0	0
23334667	1	0	0
23340172	1	0	0
23341344	1	0	0
23344087	1	0	1
23344264	1	0	0
23346317	1	0	0
23348520	1	0	0
23371856	1	0	1
23374602	1	0	0
23377183	1	0	0
23377281	1	0	0
23382472	1	0	0
23384228	1	0	0
23387505	0	0	1
23390248	1	0	0
23392356	0	1	0
23393090	0	0	1
23394218	0	0	1
23397066	1	0	0
23400593	0	0	1
23400675	0	0	1
23403324	1	0	0
23404247	1	0	0
23404858	1	0	0
23406027	0	0	1
23406047	1	0	0
23407549	1	0	0
23407919	1	0	0
23414587	1	0	0
23415752	1	0	0
23427520	1	0	0
23429371	1	0	0
23430109	1	0	0
23430699	1	0	0
23431193	1	0	0
23434161	1	0	0
23434628	1	0	1
23434733	1	0	0
23435671	1	0	0
23435830	1	0	0
23444215	1	0	0
23453624	1	0	0
23455880	1	0	0
23456621	1	0	0
23456958	1	0	0
23463675	1	0	0
23470965	1	0	0
23480694	1	0	0
23489023	1	0	0
23497317	1	0	0
23502220	0	0	1
23502783	0	1	0
23506848	1	0	0
23515407	1	0	0
23515910	1	0	0
23524406	1	0	0
23530248	1	0	0
23533264	0	1	1
23533272	1	0	0
23538339	1	0	0
23538418	1	0	0
23539443	1	0	0
23549875	1	0	0
23551593	0	0	1
23558169	1	0	1
23558940	1	0	0
23558953	1	0	0
23559153	1	0	0
23565244	0	1	0
23565280	1	0	0
23568491	1	0	0
23569304	1	1	0
23569312	1	1	1
23569316	1	0	0
23578570	1	0	0
23579861	1	0	0
23582881	1	0	0
23583981	1	0	0
23584301	1	0	0
23585477	1	0	0
23585524	1	0	0
23598171	1	0	0
23612012	1	0	0
23619167	1	0	0
23619944	1	0	0
23620406	1	0	0
23620515	1	0	1
23626751	1	0	0
23630205	0	0	1
23632291	1	0	0
23632886	1	0	0
23635773	1	0	0
23639470	1	0	0
23645741	1	0	0
23652803	1	0	0
23656643	1	0	0
23658459	1	0	0
23670176	1	0	0
23673869	1	0	0
23674493	1	0	0
23677116	1	0	0
23696637	1	0	0
23698361	1	0	0
23706910	1	0	0
23715574	1	0	0
23724867	1	0	0
23724913	1	0	1
23724914	1	0	0
23729178	1	0	0
23729361	1	0	0
23729478	1	0	0
23733758	1	0	0
23741071	1	0	0
23746666	1	0	0
23749122	1	0	0
23752188	0	0	1
23761041	1	0	0
23764753	1	0	0
23766237	1	0	0
23774333	1	0	0
23775962	1	0	1
23779130	1	0	0
23786770	1	0	0
23792563	1	0	0
23793026	1	0	0
23797736	1	0	0
23800680	1	0	0
23802768	1	0	0
23806793	1	0	0
23812671	1	0	0
23816960	1	0	1
23816963	0	0	1
23817572	1	0	0
23826550	1	0	0
23828442	1	0	0
23828865	1	0	0
23832011	1	0	0
23835704	1	0	0
23835706	1	0	0
23840364	0	0	1
23842656	1	0	0
23845441	1	0	0
23845641	1	0	0
23857093	1	0	0
23859443	1	0	0
23861105	1	0	0
23861977	1	0	0
23867504	1	0	0
23873422	1	0	0
23878140	1	0	0
23881388	1	0	0
23881929	1	0	0
23888070	1	1	0
23890088	1	0	1
23897899	0	1	0
23898052	1	0	0
23904111	1	0	0
23913169	1	0	0
23918833	1	0	0
23934108	1	0	0
23935914	1	0	0
23948972	1	0	0
23955565	1	0	0
23960094	1	0	0
23960186	1	0	0
23968328	1	0	0
23969006	0	0	1
23969938	1	0	0
23980093	0	1	0
23982599	1	0	0
23988873	1	0	0
23989949	1	0	0
23995526	1	0	0
24004674	1	0	0
24009064	1	0	0
24013721	1	0	0
24024839	0	0	1
24024844	0	0	1
24035188	1	0	0
24037524	1	0	0
24039832	1	0	0
24045412	1	0	0
24047651	1	0	0
24061647	1	0	0
24062953	1	0	0
24065105	1	0	0
24065731	1	0	0
24081659	1	0	0
24088382	1	0	0
24088390	1	0	0
24097869	1	0	0
24098545	1	0	0
24101484	1	0	0
24108467	1	0	0
24112165	1	0	0
24112392	1	0	0
24112705	1	0	0
24121789	1	0	0
24122810	1	0	1
24123378	0	0	1
24123531	1	0	0
24124145	1	0	0
24124571	1	0	0
24132471	1	0	0
24132921	1	0	0
24135816	1	0	0
24137399	1	0	0
24140933	1	0	0
24141786	1	0	0
24146218	1	0	0
24147197	1	0	0
24162739	1	0	0
24162815	1	0	0
24166148	1	0	0
24166501	1	0	0
24167368	1	0	0
24178622	1	0	0
24180494	1	0	1
24185007	1	0	0
24185510	1	1	0
24185512	1	0	0
24186003	1	0	0
24186319	1	0	0
24192513	1	0	0
24201813	1	0	0
24205792	1	0	0
24206762	1	0	0
24215620	1	0	0
24218601	0	1	0
24220272	1	0	0
24227820	0	0	1
24236021	1	0	0
24239278	1	0	0
24240112	1	1	0
24240680	0	0	1
24240700	1	1	0
24248532	1	0	0
24253377	1	0	0
24256029	1	0	0
24265152	1	0	0
24265153	1	1	0
24265154	0	1	0
24265155	1	0	0
24272204	1	0	0
24277854	1	0	0
24285021	0	0	1
24296758	1	0	0
24297342	1	0	0
24301059	1	0	0
24302556	1	0	0
24305702	1	0	0
24327581	1	0	0
24330038	1	0	0
24333121	1	0	0
24335498	1	0	0
24335534	1	0	0
24335681	1	0	0
24335962	1	0	0
24345751	0	0	1
24345920	1	0	1
24351425	1	0	0
24353160	1	0	1
24354346	1	0	0
24356815	1	0	0
24362817	1	0	0
24366361	1	0	0
24367492	1	0	0
24367893	1	0	0
24373973	1	0	0
24387334	1	0	0
24388723	1	0	0
24389445	0	0	1
24396464	1	0	0
24396697	1	0	0
24407160	1	0	0
24422672	1	0	0
24439929	1	0	0
24441288	0	0	1
24444711	0	1	0
24448819	1	0	0
24456122	1	0	0
24457318	1	0	0
24463458	1	0	0
24466223	1	0	0
24469040	1	0	0
24469055	1	0	0
24478318	1	0	0
24478319	0	1	1
24495407	1	0	1
24496303	1	0	0
24500418	1	0	0
24504448	1	0	0
24508103	1	0	1
24509625	1	0	0
24512910	1	0	0
24512939	1	0	0
24518179	1	0	0
24523439	0	0	1
24525742	1	0	0
24535670	0	0	1
24550739	1	1	0
24553387	1	0	0
24554720	0	1	0
24559322	1	0	0
24569458	1	1	1
24570209	1	0	0
24571676	1	0	0
24576830	1	0	1
24577089	1	0	0
24577117	1	0	0
24578576	1	0	0
24581539	1	0	0
24583796	1	0	0
24586605	1	0	0
24586741	1	0	0
24587245	1	0	0
24588908	1	0	0
24594804	1	0	0
24595080	1	0	0
24608574	1	0	0
24616537	1	0	0
24622468	1	0	1
24623981	1	0	0
24625776	1	0	1
24626198	1	0	0
24631838	1	0	1
24633157	1	0	0
24636847	1	0	0
24647522	1	0	0
24651015	1	0	0
24653627	1	0	0
24658004	1	0	0
24658966	1	0	0
24662454	1	0	0
24666267	1	0	0
24670165	1	1	0
24670642	1	0	0
24675041	1	1	1
24675358	1	0	0
24678776	1	0	0
24678933	1	0	0
24685132	1	0	0
24687085	0	0	1
24687827	1	0	0
24687927	1	0	0
24703573	1	0	0
24705250	1	0	0
24705251	1	0	0
24705252	1	0	0
24705254	1	0	0
24707167	1	0	0
24708484	1	0	0
24717934	0	1	0
24725538	1	0	0
24727326	1	0	0
24729484	1	0	0
24729716	1	0	0
24735930	1	0	0
24736073	1	0	0
24736079	1	0	1
24739896	0	0	1
24740294	1	0	0
24740809	1	0	0
24743239	1	0	0
24746704	0	0	1
24748501	1	0	0
24753125	1	0	0
24755888	1	0	0
24758907	1	0	0
24771645	1	0	0
24782778	1	0	0
24788118	1	0	0
24793816	1	0	0
24797300	1	0	0
24799460	1	0	0
24800185	1	0	0
24801015	1	0	0
24821190	1	0	0
24836576	1	0	0
24836762	1	0	0
24841718	1	0	0
24855211	1	0	0
24859829	1	0	0
24868024	1	0	0
24868098	1	0	0
24869598	1	0	0
24875859	1	0	0
24877602	1	0	0
24882434	1	0	1
24888229	1	0	0
24893891	1	0	1
24894453	1	0	0
24898067	1	0	0
24899684	1	0	0
24900187	0	0	1
24908064	1	0	0
24909177	1	0	0
24915778	1	0	0
24918820	1	0	0
24927325	1	0	0
24927407	1	0	0
24933606	1	0	1
24934408	1	0	0
24934779	1	0	0
24937673	0	1	0
24938562	1	0	0
24943832	1	0	0
24947927	1	0	0
24950457	1	0	0
24957073	1	0	0
24961465	1	0	0
24962318	1	0	0
24963404	0	0	1
24981688	1	0	0
24982505	1	0	0
24986515	1	0	0
24986690	1	0	0
24987354	1	0	0
24989892	1	0	0
24997557	1	0	0
25002028	1	0	0
25010864	1	0	0
25014773	1	0	0
25015329	1	0	0
25024077	1	0	0
25028698	1	0	0
25037139	1	0	0
25037629	1	0	0
25053825	1	0	0
25056119	1	0	0
25069792	1	0	0
25072261	1	0	0
25078357	1	0	0
25081542	1	0	0
25081901	1	0	0
25082261	1	0	0
25086725	1	0	0
25089570	1	0	0
25092772	1	0	0
25096233	0	1	1
25110411	0	0	1
25111426	1	0	0
25119015	1	0	0
25121551	1	0	0
25144364	1	0	0
25145343	1	0	0
25147369	1	0	0
25153538	1	0	0
25153719	1	0	0
25159823	1	0	0
25167228	1	0	0
25169980	0	0	1
25171497	1	0	0
25179728	1	0	0
25180155	1	0	0
25184630	1	0	0
25186949	1	0	0
25193870	1	1	0
25193991	1	0	0
25199678	1	0	0
25199829	1	0	0
25207766	1	0	1
25209580	1	0	0
25210794	1	0	0
25212275	1	0	0
25212276	1	0	0
25216528	1	0	0
25217002	1	0	0
25217772	1	0	0
25218906	1	0	0
25219713	1	0	0
25227833	1	0	0
25228534	1	0	0
25232318	1	0	0
25239608	1	0	1
25242168	1	0	0
25245423	1	0	0
25260694	0	0	1
25264305	1	0	1
25265492	1	0	1
25265494	1	0	1
25265970	1	0	0
25267748	1	0	0
25268372	1	0	0
25273096	1	0	0
25279299	0	0	1
25282218	1	0	0
25287822	1	0	0
25287827	0	0	1
25294897	1	0	0
25295501	1	1	0
25300346	1	0	0
25303977	1	0	0
25306392	1	0	0
25308295	1	0	0
25313745	1	0	0
25317746	1	0	0
25320358	0	1	0
25322874	1	0	0
25324139	1	0	0
25335741	1	0	0
25349473	1	0	0
25351743	1	0	0
25351745	1	0	1
25353071	1	0	0
25366685	1	0	1
25370464	1	0	0
25370471	1	1	0
25370473	0	0	1
25390905	1	0	0
25393796	1	0	1
25393798	1	0	1
25398453	1	0	0
25398829	1	0	0
25399551	1	0	1
25408655	1	0	0
25409150	1	0	0
25409260	0	1	0
25412851	1	0	0
25423555	1	0	0
25424858	1	0	0
25428504	1	0	0
25433983	1	0	0
25435214	0	0	1
25435907	1	0	0
25445424	1	0	0
25448848	1	0	0
25450872	0	1	0
25452114	1	0	0
25452615	1	0	0
25470694	1	0	0
25494863	1	0	0
25500057	0	1	0
25501229	1	0	0
25502557	1	0	0
25504439	1	0	0
25514658	0	1	0
25515853	1	0	0
25515960	0	0	1
25517749	1	0	0
25520391	1	0	0
25521405	1	0	1
25524464	1	0	0
25524477	1	0	0
25524798	1	0	0
25527633	1	0	0
25537159	1	0	0
25542057	1	0	0
25542901	1	0	0
25544636	1	0	0
25544710	1	0	0
25550361	1	0	0
25550549	1	0	0
25557169	1	0	0
25557216	1	0	0
25557953	1	0	0
25562111	1	0	0
25563310	1	0	0
25567352	1	0	0
25581430	1	0	0
25583779	1	0	0
25586468	1	0	0
25586603	1	0	0
25587029	1	0	0
25589191	1	0	1
25589621	1	0	0
25590338	1	0	0
25592632	0	0	1
25593184	1	0	0
25601188	1	0	0
25625803	1	0	0
25628030	1	0	0
25636205	1	0	0
25639617	1	0	0
25658984	1	0	0
25666295	1	0	0
25667280	1	0	0
25668009	1	0	0
25668228	1	0	0
25669829	1	0	0
25670080	1	0	0
25670082	1	0	0
25672916	1	0	0
25673558	1	0	0
25673644	1	0	0
25677871	1	0	0
25681199	1	0	0
25683602	1	0	0
25686104	1	0	0
25686603	1	0	0
25688157	1	0	0
25691057	1	0	0
25692060	1	0	0
25693012	1	0	0
25698061	1	0	0
25706985	1	0	0
25715769	1	0	0
25719666	0	1	0
25722381	1	0	0
25727400	1	0	0
25730903	1	0	0
25733882	1	0	0
25736571	1	0	1
25739674	1	0	0
25756405	1	0	0
25759019	1	0	0
25759020	1	0	0
25762343	1	0	0
25765070	1	1	0
25766722	1	0	0
25769807	1	0	0
25773797	1	0	0
25779942	1	0	0
25788273	1	0	0
25789838	1	0	0
25798586	1	0	0
25802883	1	0	0
25807284	1	0	0
25810375	1	0	0
25815361	1	0	0
25834803	1	0	0
25834951	1	0	0
25847936	1	0	0
25848357	1	0	0
25852058	1	0	0
25853010	1	0	0
25853747	1	0	0
25855536	1	1	0
25855885	1	0	0
25862853	1	0	0
25867206	1	0	0
25877889	0	0	1
25878190	1	0	0
25882982	1	0	0
25883215	1	0	0
25883647	1	0	0
25885801	1	0	0
25891174	1	1	0
25892145	1	0	0
25898962	1	0	0
25899310	1	0	0
25899785	1	0	0
25900183	1	0	0
25905001	0	0	1
25910840	1	0	0
25922291	1	0	0
25923549	1	0	1
25923550	1	1	0
25924824	1	0	0
25928036	1	0	0
25934888	1	0	0
25939061	1	0	1
25939761	1	0	0
25941111	0	0	1
25948633	1	0	0
25952648	1	0	0
25952756	1	0	0
25953157	1	0	0
25961751	1	0	0
25962120	1	0	0
25965575	1	0	0
25966224	1	0	0
25968887	1	0	0
25970248	1	0	0
25970771	1	0	0
25971938	1	0	1
25971939	1	0	1
25973082	1	0	0
25978031	1	0	0
25982012	1	0	0
25982282	1	0	0
25989278	1	0	0
26000489	1	0	0
26003007	1	0	0
26006067	1	0	0
26014096	1	0	0
26015511	1	0	0
26023796	0	1	0
26027660	1	0	0
26028255	0	1	1
26033044	1	0	0
26033501	1	0	0
26038887	1	0	0
26040495	0	0	1
26046389	1	0	0
26050650	1	0	0
26051236	1	0	1
26057002	1	0	0
26061751	1	0	0
26063633	1	0	0
26070258	1	0	0
26072686	1	0	1
26086854	1	0	0
26095797	1	0	0
26096845	1	0	0
26108461	1	0	0
26115874	1	0	0
26118315	1	0	0
26124204	1	0	0
26124334	1	0	0
26124496	1	0	0
26124919	1	0	0
26125448	1	0	0
26130666	1	0	0
26137564	1	0	0
26144315	0	0	1
26146478	1	0	0
26152787	1	0	0
26161928	1	0	0
26162296	1	0	0
26167872	1	0	0
26169613	1	0	0
26173738	1	0	0
26179511	1	0	0
26181029	1	1	0
26181256	1	0	0
26181354	1	0	1
26182309	1	0	0
26192301	1	0	0
26193344	1	0	0
26200454	1	0	0
26202607	0	0	1
26202931	1	0	0
26204491	1	0	0
26206558	1	0	0
26206867	1	0	1
26207647	1	0	0
26209642	1	0	0
26216294	1	0	1
26221234	1	0	0
26222558	1	0	0
26224408	1	0	0
26237499	1	0	0
26239229	1	0	0
26243863	1	0	0
26254407	1	0	0
26255196	1	0	0
26255626	1	0	0
26256760	1	0	0
26261420	1	0	0
26261604	1	0	0
26267899	1	0	0
26268241	1	0	0
26269204	1	0	0
26274016	1	0	0
26282658	1	0	0
26286086	0	0	1
26286452	1	0	0
26287849	1	1	1
26291013	1	0	0
26291055	1	0	0
26296355	1	0	0
26297285	1	0	0
26304929	1	0	0
26307133	1	0	0
26308528	1	0	0
26309414	1	0	0
26311741	1	0	0
26313268	1	0	0
26313362	1	0	0
26314551	1	0	1
26323668	1	0	0
26324360	1	0	1
26324363	1	0	1
26338418	1	0	0
26341751	1	0	0
26351323	1	1	1
26352686	1	0	1
26355392	0	0	1
26356327	1	0	0
26358404	0	1	0
26358790	1	0	0
26359337	0	1	0
26359368	1	0	0
26359985	1	0	0
26365017	1	0	0
26370156	1	0	0
26371285	1	0	0
26372703	1	0	0
26372962	1	0	0
26391455	1	0	0
26392102	1	0	0
26396737	1	0	0
26397223	1	0	0
26398480	1	0	0
26398831	0	0	1
26404892	1	0	0
26406150	0	1	0
26407235	1	0	0
26416414	1	0	0
26418749	1	0	0
26418897	1	0	0
26421964	1	0	0
26422378	1	0	0
26423602	1	0	0
26424760	1	0	0
26428308	1	0	0
26428316	1	0	0
26436839	1	0	0
26437031	1	0	0
26437366	1	0	0
26438159	0	0	1
26439803	1	0	0
26442524	1	0	0
26443624	0	1	0
26444240	1	0	0
26445453	1	0	0
26456083	1	0	0
26459177	1	0	0
26459251	1	0	0
26460303	1	0	0
26464169	1	0	0
26466009	1	0	0
26466010	1	0	0
26466569	0	0	1
26486786	1	0	0
26488212	1	0	0
26490311	1	0	0
26490654	1	0	0
26498130	1	0	0
26502926	1	0	0
26508446	1	0	0
26510020	1	1	0
26511885	0	1	0
26515464	1	0	1
26528855	1	0	0
26537256	1	0	0
26537301	1	0	0
26544513	1	0	0
26546295	1	0	0
26546616	1	0	0
26547802	1	0	0
26554404	1	0	0
26557775	1	0	0
26559459	1	0	0
26561417	1	0	0
26565381	1	0	0
26566875	0	0	1
26574622	1	0	0
26579623	1	0	0
26582644	1	0	0
26582647	1	0	0
26584481	1	0	0
26589432	1	0	0
26594798	1	0	0
26596672	1	0	0
26596839	1	0	0
26598547	1	0	0
26598747	1	0	0
26603524	1	0	0
26603525	1	0	0
26617739	1	0	0
26621817	1	0	0
26622510	1	0	0
26622630	1	0	0
26623049	1	0	0
26625204	1	0	0
26625312	1	0	0
26627007	1	0	0
26629066	1	0	0
26631615	1	0	0
26633560	1	0	0
26634247	1	0	0
26637881	1	0	0
26644315	1	0	0
26645196	0	1	0
26646755	1	0	0
26650448	1	0	0
26662432	1	0	0
26664143	1	0	0
26666244	1	0	0
26668065	1	0	0
26671993	1	0	0
26673008	1	0	0
26673800	1	0	0
26674132	1	0	0
26674738	1	0	0
26675289	1	0	0
26678033	1	0	0
26681761	1	0	0
26683709	1	0	0
26686064	1	0	0
26687137	1	0	0
26689995	1	0	0
26693065	1	0	0
26693073	1	0	0
26698910	1	0	1
26701727	1	0	0
26703895	1	0	0
26708155	1	0	0
26709701	1	0	0
26712101	1	0	0
26712222	1	0	0
26712909	1	0	0
26715889	1	0	0
26716414	1	0	0
26720284	1	0	0
26722081	1	0	0
26724472	1	0	0
26725216	1	0	0
26728409	0	1	0
26729184	1	0	0
26729443	1	0	1
26732095	1	0	0
26732495	1	0	0
26733615	1	0	0
26739882	1	0	0
26740259	1	1	0
26745678	1	0	0
26749488	0	0	1
26751376	1	0	0
26758680	1	0	0
26763786	1	0	0
26765760	1	0	0
26768165	1	0	0
26771088	1	0	0
26771872	1	0	0
26772734	1	0	0
26773740	1	0	0
26775591	1	0	0
26776312	1	0	0
26776917	1	0	0
26778701	1	0	0
26784937	1	0	0
26786851	1	0	0
26787234	1	0	0
26787751	1	0	0
26788326	1	0	0
26789727	1	0	0
26789870	1	0	0
26789877	1	0	0
26791794	1	0	0
26796762	1	0	0
26802149	1	0	0
26802155	1	0	0
26807188	1	0	0
26811533	1	0	0
26812186	1	0	0
26818906	1	0	0
26821351	1	0	0
26822128	1	0	0
26822237	1	0	0
26822383	1	0	0
26822398	1	0	0
26831663	1	0	0
26831717	1	0	1
26837699	1	0	0
26838030	1	0	0
26845121	1	0	0
26845194	1	0	0
26859458	1	0	0
26865419	1	0	0
26867820	1	0	0
26870193	1	0	0
26870817	1	0	0
26872370	1	0	0
26872634	1	0	0
26874901	1	0	1
26878724	1	0	0
26881434	1	0	0
26883114	1	0	0
26883990	1	0	0
26884591	1	0	0
26888827	1	0	0
26891277	1	0	0
26892177	1	0	0
26892698	1	0	0
26893365	1	0	0
26893853	1	0	0
26894380	1	0	0
26894620	1	0	0
26894859	1	0	0
26894977	1	0	0
26899019	1	0	0
26912052	1	0	0
26912360	0	1	0
26916894	1	0	0
26917690	1	0	0
26918046	1	0	0
26918451	1	0	0
26919435	1	0	0
26920352	1	0	0
26920887	1	0	0
26920892	1	0	0
26921265	1	0	0
26925841	1	0	0
26933125	1	0	0
26936308	0	0	1
26936505	1	0	0
26938871	1	0	0
26942101	1	0	0
26942346	1	0	0
26943774	1	0	0
26947875	1	0	0
26950277	1	0	0
26951079	1	0	0
26951309	1	0	0
26956051	1	0	0
26970723	1	0	0
26973324	1	0	0
26976114	1	0	0
26979979	1	0	0
26984080	1	0	0
26987942	1	0	0
26989027	1	0	0
26989536	1	0	0
26996308	1	0	0
26997480	0	1	0
27001570	1	0	0
27004155	1	0	0
27004400	1	0	0
27009855	1	0	0
27009859	1	0	0
27010960	1	1	0
27013195	1	0	0
27019113	1	0	0
27020857	1	0	0
27022036	1	0	0
27022066	1	0	0
27022112	1	0	0
27022118	1	0	0
27028764	1	0	0
27029710	1	0	0
27032107	1	0	0
27033953	1	0	0
27034144	1	0	0
27034505	1	0	0
27037411	1	0	0
27040853	1	0	0
27044931	1	0	0
27045755	1	0	1
27048246	1	1	0
27049722	1	0	0
27050560	1	0	0
27057652	1	0	0
27058230	1	0	0
27068398	1	0	0
27069254	1	0	0
27069690	1	0	0
27071706	0	1	0
27073655	1	0	0
27083334	1	0	0
27086175	0	0	1
27086918	1	0	0
27091708	1	0	0
27092876	1	0	0
27093299	1	0	0
27093365	1	0	0
27099147	1	0	0
27102076	1	0	0
27108243	1	0	1
27111033	0	1	0
27114462	1	0	0
27114605	1	0	0
27116997	1	0	0
27124835	1	0	1
27125982	1	0	0
27130468	0	0	1
27130508	1	0	0
27135738	1	0	0
27137476	1	0	0
27150425	1	0	0
27153245	1	0	0
27154293	1	0	0
27157931	1	0	0
27159395	1	0	0
27160228	1	0	0
27167191	1	0	0
27172793	1	0	0
27174753	1	0	0
27174785	1	0	0
27176795	1	0	0
27177629	1	0	0
27179038	1	0	0
27181063	1	0	0
27188206	0	0	1
27197561	1	0	0
27207775	1	0	0
27209210	1	0	0
27211795	1	0	0
27217383	1	0	0
27217448	0	0	1
27226433	1	0	0
27226732	0	1	0
27231123	1	0	0
27247421	1	0	0
27252418	1	0	0
27259011	1	0	0
27269946	1	0	1
27271022	1	0	0
27273450	1	0	0
27276402	1	0	0
27276561	1	0	0
27279227	1	0	0
27279544	0	0	1
27283319	0	1	0
27283860	1	0	1
27286459	1	0	0
27288520	1	0	0
27297869	1	0	0
27302369	1	0	0
27304188	1	0	0
27310333	0	1	1
27313181	1	0	0
27315356	1	0	0
27325049	1	0	0
27325282	1	0	0
27329137	0	1	0
27338794	0	1	0
27343442	1	0	1
27343443	1	0	0
27344947	1	0	0
27355533	1	0	0
27364904	1	0	0
27371698	1	0	0
27378523	1	0	0
27379982	1	0	0
27388325	1	0	0
27391784	1	0	1
27399335	1	0	0
27399807	0	1	0
27401242	1	0	0
27404270	1	0	0
27414035	1	0	0
27428428	1	0	0
27432227	1	0	1
27433843	1	0	0
27439424	1	0	0
27440269	1	0	0
27445490	1	0	0
27451907	1	0	0
27460442	1	0	0
27462141	0	0	1
27466707	1	0	0
27470558	1	0	0
27480103	1	0	1
27482884	1	0	1
27485109	1	0	0
27489350	1	0	0
27489863	1	0	0
27491651	1	0	0
27493271	1	0	0
27496133	0	1	0
27496134	1	0	0
27499916	1	0	0
27500726	1	0	0
27502722	1	0	0
27507192	1	0	0
27518686	1	0	0
27520988	1	0	0
27525386	1	0	0
27527340	1	0	0
27529817	1	0	0
27531699	0	1	0
27532019	0	1	0
27532222	1	0	0
27535980	1	0	0
27539324	1	0	0
27540956	0	1	0
27542767	1	0	0
27544060	1	0	0
27556863	1	0	0
27562493	1	0	0
27565908	1	0	0
27565911	1	0	1
27566387	1	0	0
27568520	1	0	0
27569104	1	0	0
27572939	0	1	0
27577079	1	0	0
27578599	1	0	0
27582545	1	0	0
27589690	1	0	0
27594191	1	0	0
27599705	0	1	0
27612423	1	0	0
27617348	1	0	0
27626067	1	0	0
27626312	1	0	0
27626483	1	0	0
27626698	1	0	0
27627808	1	0	0
27651169	1	0	0
27663592	1	0	0
27663899	0	1	0
27664271	1	0	0
27664533	1	0	0
27666659	0	0	1
27671675	1	0	0
27672108	0	0	1
27683556	1	0	0
27687311	1	0	0
27690220	0	1	0
27693535	0	0	1
27694386	1	0	0
27694828	1	0	0
27697991	1	0	0
27717299	0	0	1
27717507	0	1	0
27718847	1	0	0
27729313	1	0	0
27729324	1	0	0
27735949	1	0	0
27748766	1	0	0
27751729	1	0	0
27751847	0	0	1
27760149	0	1	0
27771611	1	0	0
27783987	0	1	0
27785053	1	0	0
27785399	1	0	0
27786591	0	1	0
27793752	0	1	0
27803005	1	0	0
27815723	1	0	0
27819322	1	0	0
27824051	1	0	0
27825616	1	0	0
27825636	1	0	1
27836716	1	0	0
27843590	0	1	0
27860260	1	0	0
27863413	1	0	0
27865106	1	0	0
27870571	1	0	0
27870574	1	0	1
27875625	1	0	0
27876675	1	0	0
27894077	1	0	0
27895058	1	0	0
27900359	1	0	0
27900589	1	0	0
27903500	1	0	0
27906677	1	0	0
27908594	1	0	0
27908881	1	0	0
27922010	1	0	0
27922681	1	0	0
27932068	1	0	0
27932416	1	0	0
27959684	1	0	0
27959700	1	0	0
27986707	0	0	1
27987579	0	0	1
27987585	0	0	1
27998968	1	0	0
28002790	1	0	0
28002800	1	0	0
28006088	1	0	0
28007021	1	0	0
28028034	1	0	0
28029918	1	0	1
28055970	0	1	0
28061634	1	0	0
28069043	1	0	0
28069604	1	0	0
28078132	1	0	0
28079291	1	0	0
28082415	1	0	0
28089594	0	0	1
28095277	0	0	1
28102363	1	1	0
28103578	1	0	0
28103611	1	0	0
28126333	0	0	1
28148839	1	0	0
28169069	1	0	0
28178529	1	0	0
28182994	0	1	0
28183697	1	0	1
28188185	1	0	0
28190001	1	0	0
28193778	1	0	0
28196207	0	0	1
28202511	1	0	0
28211448	1	0	0
28214514	1	0	0
28215740	1	0	0
28218239	0	0	1
28221861	1	0	0
28221868	0	1	0
28223103	1	0	0
28228279	0	1	0
28228601	0	0	1
28240971	1	0	0
28242752	1	0	0
28245838	0	1	0
28249646	1	0	0
28256701	1	0	0
28259104	1	0	0
28259530	1	0	0
28261513	1	0	0
28269754	1	0	0
28274957	1	0	0
28275037	1	0	0
28278724	1	0	0
28281183	1	0	0
28283584	0	0	1
28284557	1	0	1
28287083	1	0	0
28306514	1	0	0
28314589	1	0	0
28316110	1	0	0
28330462	1	0	0
28336552	0	0	1
28341702	1	0	0
28341788	1	0	0
28344857	0	0	1
28351930	1	0	0
28363909	1	0	0
28363999	1	0	0
28377484	1	0	0
28379443	1	0	0
28388566	1	0	0
28389374	1	0	0
28391274	1	0	0
28396313	0	0	1
28404093	1	0	0
28408464	1	0	0
28418267	1	0	0
28424065	0	0	1
28424201	1	0	0
28430626	1	0	0
28432847	1	0	0
28434515	0	0	1
28446439	1	0	0
28447912	0	0	1
28451792	1	0	0
28453411	1	0	0
28453554	1	0	0
28454547	1	0	0
28469506	1	0	0
28471952	1	0	0
28472902	1	0	0
28473407	1	0	0
28473535	1	0	0
28475456	1	0	1
28476872	1	0	0
28480077	1	0	0
28486044	1	0	0
28489509	1	0	1
28490518	1	0	0
28492898	1	0	0
28502724	1	0	0
28503092	1	0	0
28516360	1	0	1
28522754	0	0	1
28525386	1	0	0
28526536	1	0	0
28534865	1	0	0
28545823	1	0	0
28546144	1	0	0
28550065	1	0	0
28577946	1	0	0
28578312	0	0	1
28578601	1	0	1
28586279	1	0	1
28588020	1	0	1
28595259	1	0	0
28596308	0	0	1
28602779	1	0	0
28619999	1	0	0
28625641	0	0	1
28625646	0	0	1
28630051	0	1	0
28630796	1	0	0
28637688	1	0	0
28644114	1	0	1
28645776	1	0	1
28645941	0	0	1
28646318	1	0	0
28650583	1	0	0
28650600	1	0	0
28659148	0	0	1
28672024	1	0	0
28679691	1	0	0
28679771	1	0	0
28697140	1	0	0
28720666	1	0	0
28721348	1	0	0
28734759	0	0	1
28751755	1	0	0
28759044	1	0	0
28781534	1	0	0
28783719	1	0	1
28783722	0	1	0
28787259	1	0	0
28792849	1	0	0
28830912	1	0	0
28835699	1	0	0
28840192	0	1	0
28849724	1	0	0
28874593	1	0	0
28881160	1	0	0
28882436	0	0	1
28882614	1	0	0
28891408	1	0	1
28903422	1	0	0
28916367	0	0	1
28919011	0	0	1
28944243	1	0	0
28947956	1	0	0
28950338	1	0	0
28954285	0	1	0
28958502	1	0	1
28958504	1	0	0
28961848	0	0	1
28972961	1	0	0
28975118	1	0	0
28984141	0	0	1
28991513	0	0	1
29022557	1	0	0
29027195	1	0	0
29045526	1	0	0
29045832	0	0	1
29054983	1	0	0
29061793	1	0	0
29072975	1	0	1
29074098	0	0	1
29091516	0	0	1
29102694	1	0	1
29103871	1	0	0
29113912	1	0	0
29118224	1	0	0
29124493	1	0	0
29127119	1	0	0
29128427	0	0	1
29133777	1	0	0
29146401	1	0	1
29146893	1	0	0
29151359	0	1	1
29151941	1	0	0
29156677	1	0	0
29169524	1	0	0
29182496	1	0	1
29187377	1	0	0
29188284	0	0	1
29196463	1	0	0
29202477	1	0	0
29211833	1	0	0
29223478	1	0	0
29223982	1	0	0
29227476	1	0	0
29232554	0	0	1
29233825	0	0	1
29236635	1	0	1
29236940	1	0	0
29237803	1	0	0
29245078	1	0	0
29247021	0	0	1
29247039	1	0	0
29260852	1	0	0
29261439	0	1	0
29284707	0	0	1
29290255	1	0	0
29301960	1	1	0
29306020	1	0	0
29320312	1	0	1
29329157	1	0	0
29330336	1	0	0
29333528	1	0	0
29338080	1	0	0
29340041	1	0	0
29340050	0	0	1
29344264	1	0	0
29355075	0	0	1
29361468	0	0	1
29370427	1	0	0
29373100	0	0	1
29373830	1	0	0
29376144	0	0	1
29380516	0	0	1
29386539	1	0	0
29391129	1	0	0
29396065	1	0	0
29408328	1	0	0
29420467	0	1	1
29431699	1	0	1
29434033	1	0	0
29449437	1	0	0
29457796	0	0	1
29466156	1	0	1
29478780	0	1	0
29491307	1	0	0
29498923	1	0	0
29507076	1	0	0
29523624	1	0	0
29527595	0	0	1
29538669	1	0	0
29567798	0	0	1
29568384	0	0	1
29571986	0	0	1
29573941	1	0	1
29578538	1	0	0
29584549	1	0	1
29596029	1	0	1
29606586	1	0	0
29610121	1	0	0
29610391	1	0	0
29616089	1	0	0
29623306	1	0	0
29641966	1	0	0
29650362	1	0	1
29650534	1	0	1
29657135	0	0	1
29662268	1	0	0
29668860	0	0	1
29681510	1	0	0
29683819	1	0	0
29686424	0	0	1
29713646	0	0	1
29729363	1	0	0
29736026	1	1	0
29741569	1	0	0
29749453	1	0	0
29752349	1	0	0
29753700	1	0	0
29755131	1	0	0
29760383	1	0	0
29760553	1	0	0
29773603	1	0	0
29773717	1	0	0
29776962	1	0	0
29789510	1	0	0
29795717	1	0	0
29796191	1	0	0
29802158	1	0	0
29813026	1	0	0
29848605	1	0	1
29859851	0	0	1
29860938	1	0	1
29864379	0	0	1
29871882	1	0	0
29875101	0	0	1
29880614	1	0	0
29887214	1	0	0
29891534	1	0	0
29892662	1	0	0
29897400	1	0	0
29903880	1	0	0
29903896	0	0	1
29906450	0	0	1
29912274	1	1	0
29920189	1	0	0
29941223	1	0	0
29941343	1	0	0
29941458	1	0	0
29947576	1	0	0
29948154	1	0	0
29970031	1	0	0
29979965	1	0	0
29980530	0	0	1
29989854	1	0	1
29997224	1	0	0
30006056	1	0	0
30013179	0	1	0
30030733	1	0	0
30042107	1	0	0
30044693	1	0	0
30051098	1	0	0
30059262	0	0	1
30073261	0	0	1
30093503	1	0	0
30096481	1	0	0
30105105	1	0	0
30110579	0	0	1
30113886	1	0	0
30120137	0	0	1
30171048	1	0	0
30174724	1	0	0
30181385	1	0	0
30185211	1	0	0
30190467	1	0	0
30201956	1	0	0
30204247	1	0	0
30206164	0	0	1
30215676	0	0	1
30224644	1	0	0
30255937	0	0	1
30268483	1	0	0
30274983	0	0	1
30274985	1	0	1
30278534	1	0	0
30280657	0	0	1
30285518	0	0	1
30289902	1	0	0
30327302	0	1	1
30339198	1	0	0
30345884	1	0	1
30351999	0	0	1
30368418	1	0	0
30413378	1	0	1
30420614	1	0	0
30425037	0	0	1
30452336	1	0	0
30455982	1	0	0
30477447	1	0	0
30487223	1	0	0
30514704	1	0	0
30516102	0	0	1
30543347	0	0	1
30559168	1	0	0
30559419	0	0	1
30563931	0	0	1
30589920	0	0	1
30592434	1	0	0
30604891	1	0	0
30624546	1	0	0
30643249	1	0	0
30658992	1	0	0
30659024	0	0	1
30676620	0	1	0
30676858	0	0	1
30679328	1	0	0
30683736	1	0	0
30715997	1	0	0
30718231	0	0	1
30718506	1	0	0
30718512	1	0	0
30731206	1	0	0
30742119	1	0	0
30745300	0	0	1
30746257	0	0	1
30782343	1	0	0
30792255	1	0	0
30797618	1	0	0
30807234	1	0	0
30807645	1	0	0
30819666	0	0	1
30825613	1	0	0
30835257	1	0	0
30853203	1	0	0
30857956	1	0	1
30860945	0	0	1
30867592	0	0	1
30890479	1	0	0
30892989	0	0	1
30900640	1	0	0
30938769	1	0	0
30946460	1	0	0
30948273	0	0	1
30967421	1	0	0
30967620	0	0	1
30979737	1	0	0
30980071	1	0	1
31004028	1	0	0
31008436	1	0	0
31010895	1	0	0
31011208	1	0	0
31016171	1	0	0
31027687	1	0	0
31034483	1	0	0
31047803	1	0	0
31047804	1	0	0
31064887	1	0	0
31068372	1	0	0
31086949	1	0	0
31087189	1	0	0
31088831	0	0	1
31091374	1	0	1
31109923	1	0	0
31151904	1	0	1
31157963	1	0	0
31158500	1	0	0
31171876	0	0	1
31171878	0	0	1
31171879	0	0	1
31175001	0	0	1
31178228	1	0	0
31187861	0	0	1
31200815	0	0	1
31208370	1	0	0
31227518	1	0	0
31234236	1	0	0
31239544	1	0	0
31240875	1	0	0
31253631	0	1	0
31254668	1	0	0
31257073	1	0	0
31261741	1	0	0
31268481	0	0	1
31279301	0	0	1
31289592	1	0	0
31300360	1	0	0
31301016	0	0	1
31302234	1	0	0
31315834	1	0	0
31317677	1	0	0
31340094	1	0	1
31372595	1	0	0
31391294	1	0	0
31395785	1	0	0
31399568	1	0	0
31406347	1	0	0
31416808	1	0	1
31427883	1	0	0
31433374	1	0	0
31453370	1	0	0
31486842	1	0	0
31487296	1	0	0
31504139	1	0	0
31506387	1	0	0
31513482	1	0	0
31515458	1	0	0
31528828	1	0	0
31538027	1	0	0
31538058	1	0	0
31562799	0	0	1
31562956	0	0	1
31563959	0	0	1
31566309	1	0	1
31575541	1	0	0
31580757	1	0	0
31584608	1	0	0
31588020	0	0	1
31590170	1	0	0
31605106	1	0	0
31605797	1	0	0
31609637	0	0	1
31615936	1	0	0
31620170	1	0	0
31628085	1	0	0
31665578	1	0	1
31666345	1	0	0
31666701	1	0	0
31682542	0	0	1
31686847	0	0	1
31725351	0	0	1
31732523	0	0	1
31757379	0	0	1
31765263	0	0	1
31766351	1	0	0
31776128	1	0	0
31809977	1	0	0
31811016	1	0	0
31821784	1	0	0
31825192	0	0	1
31825569	0	0	1
31825714	1	0	0
31838007	0	0	1
31852834	1	0	0
31871216	1	0	0
31905241	1	0	0
31924734	1	0	0
31932422	1	0	0
31932802	1	0	1
31937621	1	0	0
31951646	1	0	0
31988000	1	0	0
32040554	1	0	0
32043779	1	0	0
32064154	1	0	0
32068648	1	0	0
32071245	1	0	0
32092139	1	0	0
32110058	1	0	0
32142668	1	0	0
32144351	1	0	0
32180229	1	0	0
32187457	0	0	1
32193290	1	0	0
32193336	1	0	0
32197031	1	0	0
32203698	1	0	1
32226941	1	0	0
32232486	1	0	0
32234756	1	0	0
32252802	1	0	0
32315394	1	0	0
32343890	1	0	1
32359490	0	0	1
32444490	1	0	0
32463741	1	0	0
32464589	1	0	0
32615108	0	0	1
361866502	1	0	0
